3.064284971017424697e-01
2.515704594619170287e-01
1.806751442245727868e-01
5.305565394925878531e-01
3.153205910558719571e-01
4.807581861087064645e-01
3.310313440291686171e-01
5.942827676391168046e-01
3.059856992289430866e-01
4.351434313661137199e-01
4.734564912604196651e-01
3.603709817726995501e-01
4.900195643439584359e-01
4.543213836088655366e-01
4.704030959308302950e-01
4.078246748019866419e-01
6.084040434594784053e-01
4.501017176678631104e-01
5.312162566404761144e-01
3.040624887720865255e-01
6.353192557228355408e-01
8.164064938514462577e-01
6.985826759336882796e-01
7.361759818774648023e-01
8.076663168963590378e-01
7.091861563750266884e-01
6.165206169878764131e-01
6.193765107646265200e-01
6.144988372512762975e-01
7.859529013198618408e-01
7.140753341120964492e-01
5.464590639426196716e-01
7.306407930861550382e-01
6.581578086684456430e-01
7.478962978455176991e-01
6.112570047763474790e-01
6.593259680560175084e-01
7.509657314022704089e-01
8.895071061994747064e-01
6.455291192949030865e-01
-5.796534750831433547e-02
-1.096102237155524572e-02
2.043172495172430048e-01
4.486644390669691784e-02
6.845279787681364525e-02
2.402972298781561305e-03
8.583780230165521941e-02
1.850743260086848765e-02
-4.149678318324368648e-02
1.251193796048548357e-01
1.249443535493798274e-01
-7.565303932511334428e-02
5.894379120928464749e-02
3.480030830224352389e-02
1.368176452367557416e-01
6.748598229384893121e-02
-1.290418954624995840e-01
-8.471001668738666057e-02
-1.654558237758815484e-02
9.183397687174704727e-02
3.103576314063155039e-01
3.251564499756436910e-01
2.142848930068866897e-01
3.301454572026840117e-01
2.953168953000370189e-01
3.652913652954703494e-01
1.209902163363455740e-01
4.570774303044628506e-01
3.348383153883791596e-01
2.811412803217700485e-01
1.476601657923549693e-01
4.068526353466979106e-01
4.033701206897951641e-01
3.094162370262981687e-01
3.740915552130101296e-01
2.772620816772007890e-01
2.971795798513677811e-01
3.036454633290908700e-01
3.225564781765061784e-01
3.478277967850883501e-01
1.068290736251538975e-01
1.648626324790911646e-01
2.275046858199382682e-01
2.280094096698327966e-01
1.678460939578624855e-01
1.889338062821617481e-01
2.049484091946570663e-01
1.057351390489351811e-01
3.764425010604054989e-01
3.156055962367408929e-01
2.093370379081148369e-01
-1.438049046172149015e-02
1.527656646068928648e-01
1.929979698143892697e-01
2.152395398588218267e-01
8.720985780867385184e-02
2.466610147925014096e-01
1.159388167532030139e-01
1.833397251264151651e-01
3.075065952626153676e-01