-0.0926413
-0.318577
-0.305066
1.51223
2.08144
-0.227657
-0.652495
-0.571655
-1.681
2.43276
0.0498928
1.38663
-0.169939
1.22099
1.5827
1.93734
0.420574
2.23642
2.32044
3.71731
2.30637
1.82745
3.62247
2.53159
2.89963
2.5985
2.27604
3.68068
2.19032
2.54592
5.26827
2.35681
3.99691
4.46238
3.91621
1.67744
4.23864
2.62926
0.953046
3.17106
4.00766
4.66655
5.48718
3.41704
3.22704
4.63687
3.997
3.53183
6.14559
3.16076
6.51702
4.15753
5.73948
5.57068
2.2112
5.89252
4.11765
4.4746
6.58468
6.16519
5.21482
7.75858
6.02761
6.44677
7.95612
6.35784
6.96445
5.92339
6.61443
3.67483
7.93502
5.8022
7.42269
7.28597
6.04541
5.76579
7.58933
8.80568
7.98139
8.38108
8.888
7.9055
7.62327
6.59728
9.45164
9.02587
8.66957
9.90321
10.8938
9.43238
9.67133
9.01509
9.96233
9.67295
10.6979
8.54591
9.7448
9.48914
8.64841
9.03041
